-1
171.222
621.222
1349
2354.56
3637.89
5199
7037.89
9154.56
11549
14221.2
17171.2
20399
20231
20063.7
19897.1
19731.2
19566
19401.5
19237.7
19074.6
18912.1
18750.4
18589.3
18429
18269.3
18110.4
17952.1
17794.6
17637.7
17481.5
17326
17171.2
17017.1
16863.7
16711
16559
16407.7
16257.1
16107.1
15957.9
15809.3
15661.5
15514.3
15367.9
15222.1
15077.1
14932.7
14789
14646
14503.7
14362.1
14221.2
14081
13941.5
13802.7
13664.6
13527.1
13390.4
13254.3
13119
11855
10655
9519
8447
7439
6495
5615
4799
4047
3359
2735
2175
1679
1247
879
575
335
159
47
