0
3.5524e-09
7.1048e-09
1.06572e-08
1.42096e-08
1.7762e-08
2.13144e-08
2.48668e-08
2.84192e-08
3.19716e-08
3.5524e-08
3.90764e-08
4.26288e-08
4.61812e-08
4.97336e-08
5.3286e-08
5.68384e-08
6.03908e-08
6.39432e-08
6.74956e-08
7.1048e-08
7.46004e-08
7.81528e-08
8.17052e-08
8.52575e-08
8.88099e-08
9.23623e-08
9.59147e-08
9.94671e-08
1.0302e-07
1.06572e-07
1.10124e-07
1.13677e-07
1.17229e-07
1.20782e-07
1.24334e-07
1.27886e-07
1.31439e-07
1.34991e-07
1.38544e-07
1.42096e-07
1.45648e-07
1.49201e-07
1.52753e-07
1.56306e-07
1.59858e-07
1.6341e-07
1.66963e-07
1.70515e-07
1.74067e-07
1.7762e-07
1.81172e-07
1.84725e-07
1.88277e-07
1.91829e-07
1.95382e-07
1.98934e-07
2.02487e-07
2.06039e-07
2.09591e-07
2.13144e-07
2.16696e-07
2.20249e-07
2.23801e-07
2.27353e-07
2.30906e-07
2.34458e-07
2.38011e-07
2.41563e-07
2.45115e-07
2.48668e-07
2.5222e-07
2.55773e-07
2.59325e-07
2.62877e-07
2.6643e-07
2.69982e-07
2.73535e-07
2.77087e-07
2.80639e-07
2.84192e-07
2.87744e-07
2.91297e-07
2.94849e-07
2.98401e-07
3.01954e-07
3.05506e-07
3.09059e-07
3.12611e-07
3.16163e-07
3.19716e-07
3.23268e-07
3.26821e-07
3.30373e-07
3.33925e-07
3.37478e-07
3.4103e-07
3.44583e-07
3.48135e-07
3.51687e-07
3.5524e-07
3.58792e-07
3.62345e-07
3.65897e-07
3.69449e-07
3.73002e-07
3.76554e-07
3.80107e-07
3.83659e-07
3.87211e-07
3.90764e-07
3.94316e-07
3.97869e-07
4.01421e-07
4.04973e-07
4.08526e-07
4.12078e-07
4.15631e-07
4.19183e-07
4.22735e-07
4.26288e-07
4.2984e-07
4.33393e-07
4.36945e-07
4.40497e-07
4.4405e-07
4.47602e-07
4.51155e-07
4.54707e-07
4.58259e-07
4.61812e-07
4.65364e-07
4.68917e-07
4.72469e-07
4.76021e-07
4.79574e-07
4.83126e-07
4.86679e-07
4.90231e-07
4.93783e-07
4.97336e-07
5.00888e-07
5.0444e-07
5.07993e-07
5.11545e-07
5.15098e-07
5.1865e-07
5.22202e-07
5.25755e-07
5.29307e-07
5.3286e-07
5.36412e-07
5.39964e-07
5.43517e-07
5.47069e-07
5.50622e-07
5.54174e-07
5.57726e-07
5.61279e-07
5.64831e-07
5.68384e-07
5.71936e-07
5.75488e-07
5.79041e-07
5.82593e-07
5.86146e-07
5.89698e-07
5.9325e-07
5.96803e-07
6.00355e-07
6.03908e-07
6.0746e-07
6.11012e-07
6.14565e-07
6.18117e-07
6.2167e-07
6.25222e-07
6.28774e-07
6.32327e-07
6.35879e-07
6.39432e-07
6.42984e-07
6.46536e-07
6.50089e-07
6.53641e-07
6.57194e-07
6.60746e-07
6.64298e-07
6.67851e-07
6.71403e-07
6.74956e-07
6.78508e-07
6.8206e-07
6.85613e-07
6.89165e-07
6.92718e-07
6.9627e-07
6.99822e-07
7.03375e-07
7.06927e-07
7.1048e-07
7.14032e-07
7.17584e-07
7.21137e-07
7.24689e-07
7.28242e-07
7.31794e-07
7.35346e-07
7.38899e-07
7.42451e-07
7.46004e-07
7.49556e-07
7.53108e-07
7.56661e-07
7.60213e-07
7.63766e-07
7.67318e-07
7.7087e-07
7.74423e-07
7.77975e-07
7.81528e-07
7.8508e-07
7.88632e-07
7.92185e-07
7.95737e-07
7.9929e-07
8.02842e-07
8.06394e-07
8.09947e-07
8.13499e-07
8.17052e-07
8.20604e-07
8.24156e-07
8.27709e-07
8.31261e-07
8.34813e-07
8.38366e-07
8.41918e-07
8.45471e-07
8.49023e-07
8.52575e-07
8.56128e-07
8.5968e-07
8.63233e-07
8.66785e-07
8.70337e-07
8.7389e-07
8.77442e-07
8.80995e-07
8.84547e-07
8.88099e-07
8.91652e-07
8.95204e-07
8.98757e-07
9.02309e-07
9.05861e-07
9.09414e-07
9.12966e-07
9.16519e-07
9.20071e-07
9.23623e-07
9.27176e-07
9.30728e-07
9.34281e-07
9.37833e-07
9.41385e-07
9.44938e-07
9.4849e-07
9.52043e-07
9.55595e-07
9.59147e-07
9.627e-07
9.66252e-07
9.69805e-07
9.73357e-07
9.76909e-07
9.80462e-07
9.84014e-07
9.87567e-07
9.91119e-07
9.94671e-07
9.98224e-07
1.00178e-06
1.00533e-06
1.00888e-06
1.01243e-06
1.01599e-06
1.01954e-06
1.02309e-06
1.02664e-06
1.0302e-06
1.03375e-06
1.0373e-06
1.04085e-06
1.0444e-06
1.04796e-06
1.05151e-06
1.05506e-06
1.05861e-06
1.06217e-06
1.06572e-06
1.06927e-06
1.07282e-06
1.07638e-06
1.07993e-06
1.08348e-06
1.08703e-06
1.09059e-06
1.09414e-06
1.09769e-06
1.10124e-06
1.1048e-06
1.10835e-06
1.1119e-06
1.11545e-06
1.11901e-06
1.12256e-06
1.12611e-06
1.12966e-06
1.13321e-06
1.13677e-06
1.14032e-06
1.14387e-06
1.14742e-06
1.15098e-06
1.15453e-06
1.15808e-06
1.16163e-06
1.16519e-06
1.16874e-06
1.17229e-06
1.17584e-06
1.1794e-06
1.18295e-06
1.1865e-06
1.19005e-06
1.19361e-06
1.19716e-06
1.20071e-06
1.20426e-06
1.20782e-06
1.21137e-06
1.21492e-06
1.21847e-06
1.22202e-06
1.22558e-06
1.22913e-06
1.23268e-06
1.23623e-06
1.23979e-06
1.24334e-06
1.24689e-06
1.25044e-06
1.254e-06
1.25755e-06
1.2611e-06
1.26465e-06
1.26821e-06
1.27176e-06
1.27531e-06
1.27886e-06
1.28242e-06
1.28597e-06
1.28952e-06
1.29307e-06
1.29663e-06
1.30018e-06
1.30373e-06
1.30728e-06
1.31083e-06
1.31439e-06
1.31794e-06
1.32149e-06
1.32504e-06
1.3286e-06
1.33215e-06
1.3357e-06
1.33925e-06
1.34281e-06
1.34636e-06
1.34991e-06
1.35346e-06
1.35702e-06
1.36057e-06
1.36412e-06
1.36767e-06
1.37123e-06
1.37478e-06
1.37833e-06
1.38188e-06
1.38544e-06
1.38899e-06
1.39254e-06
1.39609e-06
1.39964e-06
1.4032e-06
1.40675e-06
1.4103e-06
1.41385e-06
1.41741e-06
1.42096e-06
1.42451e-06
1.42806e-06
1.43162e-06
1.43517e-06
1.43872e-06
1.44227e-06
1.44583e-06
1.44938e-06
1.45293e-06
1.45648e-06
1.46004e-06
1.46359e-06
1.46714e-06
1.47069e-06
1.47425e-06
1.4778e-06
1.48135e-06
1.4849e-06
1.48845e-06
1.49201e-06
1.49556e-06
1.49911e-06
1.50266e-06
1.50622e-06
1.50977e-06
1.51332e-06
1.51687e-06
1.52043e-06
1.52398e-06
1.52753e-06
1.53108e-06
1.53464e-06
1.53819e-06
1.54174e-06
1.54529e-06
1.54885e-06
1.5524e-06
1.55595e-06
1.5595e-06
1.56306e-06
1.56661e-06
1.57016e-06
1.57371e-06
1.57726e-06
1.58082e-06
1.58437e-06
1.58792e-06
1.59147e-06
1.59503e-06
1.59858e-06
1.60213e-06
1.60568e-06
1.60924e-06
1.61279e-06
1.61634e-06
1.61989e-06
1.62345e-06
1.627e-06
1.63055e-06
1.6341e-06
1.63766e-06
1.64121e-06
1.64476e-06
1.64831e-06
1.65187e-06
1.65542e-06
1.65897e-06
1.66252e-06
1.66607e-06
1.66963e-06
1.67318e-06
1.67673e-06
1.68028e-06
1.68384e-06
1.68739e-06
1.69094e-06
1.69449e-06
1.69805e-06
1.7016e-06
1.70515e-06
1.7087e-06
1.71226e-06
1.71581e-06
1.71936e-06
1.72291e-06
1.72647e-06
1.73002e-06
1.73357e-06
1.73712e-06
1.74067e-06
1.74423e-06
1.74778e-06
1.75133e-06
1.75488e-06
1.75844e-06
1.76199e-06
1.76554e-06
1.76909e-06
1.77265e-06
1.7762e-06
1.77975e-06
1.7833e-06
1.78686e-06
1.79041e-06
1.79396e-06
1.79751e-06
1.80107e-06
1.80462e-06
1.80817e-06
1.81172e-06
1.81528e-06
1.81883e-06
1.82238e-06
1.82593e-06
1.82948e-06
1.83304e-06
1.83659e-06
1.84014e-06
1.84369e-06
1.84725e-06
1.8508e-06
1.85435e-06
1.8579e-06
1.86146e-06
1.86501e-06
1.86856e-06
1.87211e-06
1.87567e-06
1.87922e-06
1.88277e-06
1.88632e-06
1.88988e-06
1.89343e-06
1.89698e-06
1.90053e-06
1.90409e-06
1.90764e-06
1.91119e-06
1.91474e-06
1.91829e-06
1.92185e-06
1.9254e-06
1.92895e-06
1.9325e-06
1.93606e-06
1.93961e-06
1.94316e-06
1.94671e-06
1.95027e-06
1.95382e-06
1.95737e-06
1.96092e-06
1.96448e-06
1.96803e-06
1.97158e-06
1.97513e-06
1.97869e-06
1.98224e-06
1.98579e-06
1.98934e-06
1.9929e-06
1.99645e-06
2e-06
2.00355e-06
2.0071e-06
2.01066e-06
2.01421e-06
2.01776e-06
2.02131e-06
2.02487e-06
2.02842e-06
2.03197e-06
2.03552e-06
2.03908e-06
2.04263e-06
2.04618e-06
2.04973e-06
2.05329e-06
2.05684e-06
2.06039e-06
2.06394e-06
2.0675e-06
2.07105e-06
2.0746e-06
2.07815e-06
2.08171e-06
2.08526e-06
2.08881e-06
2.09236e-06
2.09591e-06
2.09947e-06
2.10302e-06
2.10657e-06
2.11012e-06
2.11368e-06
2.11723e-06
2.12078e-06
2.12433e-06
2.12789e-06
2.13144e-06
2.13499e-06
2.13854e-06
2.1421e-06
2.14565e-06
2.1492e-06
2.15275e-06
2.15631e-06
2.15986e-06
2.16341e-06
2.16696e-06
2.17052e-06
2.17407e-06
2.17762e-06
2.18117e-06
2.18472e-06
2.18828e-06
2.19183e-06
2.19538e-06
2.19893e-06
2.20249e-06
2.20604e-06
2.20959e-06
2.21314e-06
2.2167e-06
2.22025e-06
2.2238e-06
2.22735e-06
2.23091e-06
2.23446e-06
2.23801e-06
2.24156e-06
2.24512e-06
2.24867e-06
2.25222e-06
2.25577e-06
2.25933e-06
2.26288e-06
2.26643e-06
2.26998e-06
2.27353e-06
2.27709e-06
2.28064e-06
2.28419e-06
2.28774e-06
2.2913e-06
2.29485e-06
2.2984e-06
2.30195e-06
2.30551e-06
2.30906e-06
2.31261e-06
2.31616e-06
2.31972e-06
2.32327e-06
2.32682e-06
2.33037e-06
2.33393e-06
2.33748e-06
2.34103e-06
2.34458e-06
2.34813e-06
2.35169e-06
2.35524e-06
2.35879e-06
2.36234e-06
2.3659e-06
2.36945e-06
2.373e-06
2.37655e-06
2.38011e-06
2.38366e-06
2.38721e-06
2.39076e-06
2.39432e-06
2.39787e-06
2.40142e-06
2.40497e-06
2.40853e-06
2.41208e-06
2.41563e-06
2.41918e-06
2.42274e-06
2.42629e-06
2.42984e-06
2.43339e-06
2.43694e-06
2.4405e-06
2.44405e-06
2.4476e-06
2.45115e-06
2.45471e-06
2.45826e-06
2.46181e-06
2.46536e-06
2.46892e-06
2.47247e-06
2.47602e-06
2.47957e-06
2.48313e-06
2.48668e-06
2.49023e-06
2.49378e-06
2.49734e-06
2.50089e-06
2.50444e-06
2.50799e-06
2.51155e-06
2.5151e-06
2.51865e-06
2.5222e-06
2.52575e-06
2.52931e-06
2.53286e-06
2.53641e-06
2.53996e-06
2.54352e-06
2.54707e-06
2.55062e-06
2.55417e-06
2.55773e-06
2.56128e-06
2.56483e-06
2.56838e-06
2.57194e-06
2.57549e-06
2.57904e-06
2.58259e-06
2.58615e-06
2.5897e-06
2.59325e-06
2.5968e-06
2.60036e-06
2.60391e-06
2.60746e-06
2.61101e-06
2.61456e-06
2.61812e-06
2.62167e-06
2.62522e-06
2.62877e-06
2.63233e-06
2.63588e-06
2.63943e-06
2.64298e-06
2.64654e-06
2.65009e-06
2.65364e-06
2.65719e-06
2.66075e-06
2.6643e-06
2.66785e-06
2.6714e-06
2.67496e-06
2.67851e-06
2.68206e-06
2.68561e-06
2.68917e-06
2.69272e-06
2.69627e-06
2.69982e-06
2.70337e-06
2.70693e-06
2.71048e-06
2.71403e-06
2.71758e-06
2.72114e-06
2.72469e-06
2.72824e-06
2.73179e-06
2.73535e-06
2.7389e-06
2.74245e-06
2.746e-06
2.74956e-06
2.75311e-06
2.75666e-06
2.76021e-06
2.76377e-06
2.76732e-06
2.77087e-06
2.77442e-06
2.77798e-06
2.78153e-06
2.78508e-06
2.78863e-06
2.79218e-06
2.79574e-06
2.79929e-06
2.80284e-06
2.80639e-06
2.80995e-06
2.8135e-06
2.81705e-06
2.8206e-06
2.82416e-06
2.82771e-06
2.83126e-06
2.83481e-06
2.83837e-06
2.84192e-06
2.84547e-06
2.84902e-06
2.85258e-06
2.85613e-06
2.85968e-06
2.86323e-06
2.86679e-06
2.87034e-06
2.87389e-06
2.87744e-06
2.88099e-06
2.88455e-06
2.8881e-06
2.89165e-06
2.8952e-06
2.89876e-06
2.90231e-06
2.90586e-06
2.90941e-06
2.91297e-06
2.91652e-06
2.92007e-06
2.92362e-06
2.92718e-06
2.93073e-06
2.93428e-06
2.93783e-06
2.94139e-06
2.94494e-06
2.94849e-06
2.95204e-06
2.9556e-06
2.95915e-06
2.9627e-06
2.96625e-06
2.9698e-06
2.97336e-06
2.97691e-06
2.98046e-06
2.98401e-06
2.98757e-06
2.99112e-06
2.99467e-06
2.99822e-06
3.00178e-06
3.00533e-06
3.00888e-06
3.01243e-06
3.01599e-06
3.01954e-06
3.02309e-06
3.02664e-06
3.0302e-06
3.03375e-06
3.0373e-06
3.04085e-06
3.0444e-06
3.04796e-06
3.05151e-06
3.05506e-06
3.05861e-06
3.06217e-06
3.06572e-06
3.06927e-06
3.07282e-06
3.07638e-06
3.07993e-06
3.08348e-06
3.08703e-06
3.09059e-06
3.09414e-06
3.09769e-06
3.10124e-06
3.1048e-06
3.10835e-06
3.1119e-06
3.11545e-06
3.11901e-06
3.12256e-06
3.12611e-06
3.12966e-06
3.13321e-06
3.13677e-06
3.14032e-06
3.14387e-06
3.14742e-06
3.15098e-06
3.15453e-06
3.15808e-06
3.16163e-06
3.16519e-06
3.16874e-06
3.17229e-06
3.17584e-06
3.1794e-06
3.18295e-06
3.1865e-06
3.19005e-06
3.19361e-06
3.19716e-06
3.20071e-06
3.20426e-06
3.20782e-06
3.21137e-06
3.21492e-06
3.21847e-06
3.22202e-06
3.22558e-06
3.22913e-06
3.23268e-06
3.23623e-06
3.23979e-06
3.24334e-06
3.24689e-06
3.25044e-06
3.254e-06
3.25755e-06
3.2611e-06
3.26465e-06
3.26821e-06
3.27176e-06
3.27531e-06
3.27886e-06
3.28242e-06
3.28597e-06
3.28952e-06
3.29307e-06
3.29663e-06
3.30018e-06
3.30373e-06
3.30728e-06
3.31083e-06
3.31439e-06
3.31794e-06
3.32149e-06
3.32504e-06
3.3286e-06
3.33215e-06
3.3357e-06
3.33925e-06
3.34281e-06
3.34636e-06
3.34991e-06
3.35346e-06
3.35702e-06
3.36057e-06
3.36412e-06
3.36767e-06
3.37123e-06
3.37478e-06
3.37833e-06
3.38188e-06
3.38544e-06
3.38899e-06
3.39254e-06
3.39609e-06
3.39964e-06
3.4032e-06
3.40675e-06
3.4103e-06
3.41385e-06
3.41741e-06
3.42096e-06
3.42451e-06
3.42806e-06
3.43162e-06
3.43517e-06
3.43872e-06
3.44227e-06
3.44583e-06
3.44938e-06
3.45293e-06
3.45648e-06
3.46004e-06
3.46359e-06
3.46714e-06
3.47069e-06
3.47425e-06
3.4778e-06
3.48135e-06
3.4849e-06
3.48845e-06
3.49201e-06
3.49556e-06
3.49911e-06
3.50266e-06
3.50622e-06
3.50977e-06
3.51332e-06
3.51687e-06
3.52043e-06
3.52398e-06
3.52753e-06
3.53108e-06
3.53464e-06
3.53819e-06
3.54174e-06
3.54529e-06
3.54885e-06
3.5524e-06
3.55595e-06
3.5595e-06
3.56306e-06
3.56661e-06
3.57016e-06
3.57371e-06
3.57726e-06
3.58082e-06
3.58437e-06
3.58792e-06
3.59147e-06
3.59503e-06
3.59858e-06
3.60213e-06
3.60568e-06
3.60924e-06
3.61279e-06
3.61634e-06
3.61989e-06
3.62345e-06
3.627e-06
3.63055e-06
3.6341e-06
3.63766e-06
3.64121e-06
3.64476e-06
3.64831e-06
3.65187e-06
3.65542e-06
3.65897e-06
3.66252e-06
3.66607e-06
3.66963e-06
3.67318e-06
3.67673e-06
3.68028e-06
3.68384e-06
3.68739e-06
3.69094e-06
3.69449e-06
3.69805e-06
3.7016e-06
3.70515e-06
3.7087e-06
3.71226e-06
3.71581e-06
3.71936e-06
3.72291e-06
3.72647e-06
3.73002e-06
3.73357e-06
3.73712e-06
3.74067e-06
3.74423e-06
3.74778e-06
3.75133e-06
3.75488e-06
3.75844e-06
3.76199e-06
3.76554e-06
3.76909e-06
3.77265e-06
3.7762e-06
3.77975e-06
3.7833e-06
3.78686e-06
3.79041e-06
3.79396e-06
3.79751e-06
3.80107e-06
3.80462e-06
3.80817e-06
3.81172e-06
3.81528e-06
3.81883e-06
3.82238e-06
3.82593e-06
3.82948e-06
3.83304e-06
3.83659e-06
3.84014e-06
3.84369e-06
3.84725e-06
3.8508e-06
3.85435e-06
3.8579e-06
3.86146e-06
3.86501e-06
3.86856e-06
3.87211e-06
3.87567e-06
3.87922e-06
3.88277e-06
3.88632e-06
3.88988e-06
3.89343e-06
3.89698e-06
3.90053e-06
3.90409e-06
3.90764e-06
3.91119e-06
3.91474e-06
3.91829e-06
3.92185e-06
3.9254e-06
3.92895e-06
3.9325e-06
3.93606e-06
3.93961e-06
3.94316e-06
3.94671e-06
3.95027e-06
3.95382e-06
3.95737e-06
3.96092e-06
3.96448e-06
3.96803e-06
3.97158e-06
3.97513e-06
3.97869e-06
3.98224e-06
3.98579e-06
3.98934e-06
3.9929e-06
3.99645e-06
4e-06
4.00355e-06
4.0071e-06
4.01066e-06
4.01421e-06
4.01776e-06
4.02131e-06
4.02487e-06
4.02842e-06
4.03197e-06
4.03552e-06
4.03908e-06
4.04263e-06
4.04618e-06
4.04973e-06
4.05329e-06
4.05684e-06
4.06039e-06
4.06394e-06
4.0675e-06
4.07105e-06
4.0746e-06
4.07815e-06
4.08171e-06
4.08526e-06
4.08881e-06
4.09236e-06
4.09591e-06
4.09947e-06
4.10302e-06
4.10657e-06
4.11012e-06
4.11368e-06
4.11723e-06
4.12078e-06
4.12433e-06
4.12789e-06
4.13144e-06
4.13499e-06
4.13854e-06
4.1421e-06
4.14565e-06
4.1492e-06
4.15275e-06
4.15631e-06
4.15986e-06
4.16341e-06
4.16696e-06
4.17052e-06
4.17407e-06
4.17762e-06
4.18117e-06
4.18472e-06
4.18828e-06
4.19183e-06
4.19538e-06
4.19893e-06
4.20249e-06
4.20604e-06
4.20959e-06
4.21314e-06
4.2167e-06
4.22025e-06
4.2238e-06
4.22735e-06
4.23091e-06
4.23446e-06
4.23801e-06
4.24156e-06
4.24512e-06
4.24867e-06
4.25222e-06
4.25577e-06
4.25933e-06
4.26288e-06
4.26643e-06
4.26998e-06
4.27353e-06
4.27709e-06
4.28064e-06
4.28419e-06
4.28774e-06
4.2913e-06
4.29485e-06
4.2984e-06
4.30195e-06
4.30551e-06
4.30906e-06
4.31261e-06
4.31616e-06
4.31972e-06
4.32327e-06
4.32682e-06
4.33037e-06
4.33393e-06
4.33748e-06
4.34103e-06
4.34458e-06
4.34813e-06
4.35169e-06
4.35524e-06
4.35879e-06
4.36234e-06
4.3659e-06
4.36945e-06
4.373e-06
4.37655e-06
4.38011e-06
4.38366e-06
4.38721e-06
4.39076e-06
4.39432e-06
4.39787e-06
4.40142e-06
4.40497e-06
4.40853e-06
4.41208e-06
4.41563e-06
4.41918e-06
4.42274e-06
4.42629e-06
4.42984e-06
4.43339e-06
4.43694e-06
4.4405e-06
4.44405e-06
4.4476e-06
4.45115e-06
4.45471e-06
4.45826e-06
4.46181e-06
4.46536e-06
4.46892e-06
4.47247e-06
4.47602e-06
4.47957e-06
4.48313e-06
4.48668e-06
4.49023e-06
4.49378e-06
4.49734e-06
4.50089e-06
4.50444e-06
4.50799e-06
4.51155e-06
4.5151e-06
4.51865e-06
4.5222e-06
4.52575e-06
4.52931e-06
4.53286e-06
4.53641e-06
4.53996e-06
4.54352e-06
4.54707e-06
4.55062e-06
4.55417e-06
4.55773e-06
4.56128e-06
4.56483e-06
4.56838e-06
4.57194e-06
4.57549e-06
4.57904e-06
4.58259e-06
4.58615e-06
4.5897e-06
4.59325e-06
4.5968e-06
4.60036e-06
4.60391e-06
4.60746e-06
4.61101e-06
4.61456e-06
4.61812e-06
4.62167e-06
4.62522e-06
4.62877e-06
4.63233e-06
4.63588e-06
4.63943e-06
4.64298e-06
4.64654e-06
4.65009e-06
4.65364e-06
4.65719e-06
4.66075e-06
4.6643e-06
4.66785e-06
4.6714e-06
4.67496e-06
4.67851e-06
4.68206e-06
4.68561e-06
4.68917e-06
4.69272e-06
4.69627e-06
4.69982e-06
4.70337e-06
4.70693e-06
4.71048e-06
4.71403e-06
4.71758e-06
4.72114e-06
4.72469e-06
4.72824e-06
4.73179e-06
4.73535e-06
4.7389e-06
4.74245e-06
4.746e-06
4.74956e-06
4.75311e-06
4.75666e-06
4.76021e-06
4.76377e-06
4.76732e-06
4.77087e-06
4.77442e-06
4.77798e-06
4.78153e-06
4.78508e-06
4.78863e-06
4.79218e-06
4.79574e-06
4.79929e-06
4.80284e-06
4.80639e-06
4.80995e-06
4.8135e-06
4.81705e-06
4.8206e-06
4.82416e-06
4.82771e-06
4.83126e-06
4.83481e-06
4.83837e-06
4.84192e-06
4.84547e-06
4.84902e-06
4.85258e-06
4.85613e-06
4.85968e-06
4.86323e-06
4.86679e-06
4.87034e-06
4.87389e-06
4.87744e-06
4.88099e-06
4.88455e-06
4.8881e-06
4.89165e-06
4.8952e-06
4.89876e-06
4.90231e-06
4.90586e-06
4.90941e-06
4.91297e-06
4.91652e-06
4.92007e-06
4.92362e-06
4.92718e-06
4.93073e-06
4.93428e-06
4.93783e-06
4.94139e-06
4.94494e-06
4.94849e-06
4.95204e-06
4.9556e-06
4.95915e-06
4.9627e-06
4.96625e-06
4.9698e-06
4.97336e-06
4.97691e-06
4.98046e-06
4.98401e-06
4.98757e-06
4.99112e-06
4.99467e-06
4.99822e-06
5.00178e-06
5.00533e-06
5.00888e-06
5.01243e-06
5.01599e-06
5.01954e-06
5.02309e-06
5.02664e-06
5.0302e-06
5.03375e-06
5.0373e-06
5.04085e-06
5.0444e-06
5.04796e-06
5.05151e-06
5.05506e-06
5.05861e-06
5.06217e-06
5.06572e-06
5.06927e-06
5.07282e-06
5.07638e-06
5.07993e-06
5.08348e-06
5.08703e-06
5.09059e-06
5.09414e-06
5.09769e-06
5.10124e-06
5.1048e-06
5.10835e-06
5.1119e-06
5.11545e-06
5.11901e-06
5.12256e-06
5.12611e-06
5.12966e-06
5.13321e-06
5.13677e-06
5.14032e-06
5.14387e-06
5.14742e-06
5.15098e-06
5.15453e-06
5.15808e-06
5.16163e-06
5.16519e-06
5.16874e-06
5.17229e-06
5.17584e-06
5.1794e-06
5.18295e-06
5.1865e-06
5.19005e-06
5.19361e-06
5.19716e-06
5.20071e-06
5.20426e-06
5.20782e-06
5.21137e-06
5.21492e-06
5.21847e-06
5.22202e-06
5.22558e-06
5.22913e-06
5.23268e-06
5.23623e-06
5.23979e-06
5.24334e-06
5.24689e-06
5.25044e-06
5.254e-06
5.25755e-06
5.2611e-06
5.26465e-06
5.26821e-06
5.27176e-06
5.27531e-06
5.27886e-06
5.28242e-06
5.28597e-06
5.28952e-06
5.29307e-06
5.29663e-06
5.30018e-06
5.30373e-06
5.30728e-06
5.31083e-06
5.31439e-06
5.31794e-06
5.32149e-06
5.32504e-06
5.3286e-06
5.33215e-06
5.3357e-06
5.33925e-06
5.34281e-06
5.34636e-06
5.34991e-06
5.35346e-06
5.35702e-06
5.36057e-06
5.36412e-06
5.36767e-06
5.37123e-06
5.37478e-06
5.37833e-06
5.38188e-06
5.38544e-06
5.38899e-06
5.39254e-06
5.39609e-06
5.39964e-06
5.4032e-06
5.40675e-06
5.4103e-06
5.41385e-06
5.41741e-06
5.42096e-06
5.42451e-06
5.42806e-06
5.43162e-06
5.43517e-06
5.43872e-06
5.44227e-06
5.44583e-06
5.44938e-06
5.45293e-06
5.45648e-06
5.46004e-06
5.46359e-06
5.46714e-06
5.47069e-06
5.47425e-06
5.4778e-06
5.48135e-06
5.4849e-06
5.48845e-06
5.49201e-06
5.49556e-06
5.49911e-06
5.50266e-06
5.50622e-06
5.50977e-06
5.51332e-06
5.51687e-06
5.52043e-06
5.52398e-06
5.52753e-06
5.53108e-06
5.53464e-06
5.53819e-06
5.54174e-06
5.54529e-06
5.54885e-06
5.5524e-06
5.55595e-06
5.5595e-06
5.56306e-06
5.56661e-06
5.57016e-06
5.57371e-06
5.57726e-06
5.58082e-06
5.58437e-06
5.58792e-06
5.59147e-06
5.59503e-06
5.59858e-06
5.60213e-06
5.60568e-06
5.60924e-06
5.61279e-06
5.61634e-06
5.61989e-06
5.62345e-06
5.627e-06
5.63055e-06
5.6341e-06
5.63766e-06
5.64121e-06
5.64476e-06
5.64831e-06
5.65187e-06
5.65542e-06
5.65897e-06
5.66252e-06
5.66607e-06
5.66963e-06
5.67318e-06
5.67673e-06
5.68028e-06
5.68384e-06
5.68739e-06
5.69094e-06
5.69449e-06
5.69805e-06
5.7016e-06
5.70515e-06
5.7087e-06
5.71226e-06
5.71581e-06
5.71936e-06
5.72291e-06
5.72647e-06
5.73002e-06
5.73357e-06
5.73712e-06
5.74067e-06
5.74423e-06
5.74778e-06
5.75133e-06
5.75488e-06
5.75844e-06
5.76199e-06
5.76554e-06
5.76909e-06
5.77265e-06
5.7762e-06
5.77975e-06
5.7833e-06
5.78686e-06
5.79041e-06
5.79396e-06
5.79751e-06
5.80107e-06
5.80462e-06
5.80817e-06
5.81172e-06
5.81528e-06
5.81883e-06
5.82238e-06
5.82593e-06
5.82948e-06
5.83304e-06
5.83659e-06
5.84014e-06
5.84369e-06
5.84725e-06
5.8508e-06
5.85435e-06
5.8579e-06
5.86146e-06
5.86501e-06
5.86856e-06
5.87211e-06
5.87567e-06
5.87922e-06
5.88277e-06
5.88632e-06
5.88988e-06
5.89343e-06
5.89698e-06
5.90053e-06
5.90409e-06
5.90764e-06
5.91119e-06
5.91474e-06
5.91829e-06
5.92185e-06
5.9254e-06
5.92895e-06
5.9325e-06
5.93606e-06
5.93961e-06
5.94316e-06
5.94671e-06
5.95027e-06
5.95382e-06
5.95737e-06
5.96092e-06
5.96448e-06
5.96803e-06
5.97158e-06
5.97513e-06
5.97869e-06
5.98224e-06
5.98579e-06
5.98934e-06
5.9929e-06
5.99645e-06
6e-06
6.00355e-06
6.0071e-06
6.01066e-06
6.01421e-06
6.01776e-06
6.02131e-06
6.02487e-06
6.02842e-06
6.03197e-06
6.03552e-06
6.03908e-06
6.04263e-06
6.04618e-06
6.04973e-06
6.05329e-06
6.05684e-06
6.06039e-06
6.06394e-06
6.0675e-06
6.07105e-06
6.0746e-06
6.07815e-06
6.08171e-06
6.08526e-06
6.08881e-06
6.09236e-06
6.09591e-06
6.09947e-06
6.10302e-06
6.10657e-06
6.11012e-06
6.11368e-06
6.11723e-06
6.12078e-06
6.12433e-06
6.12789e-06
6.13144e-06
6.13499e-06
6.13854e-06
6.1421e-06
6.14565e-06
6.1492e-06
6.15275e-06
6.15631e-06
6.15986e-06
6.16341e-06
6.16696e-06
6.17052e-06
6.17407e-06
6.17762e-06
6.18117e-06
6.18472e-06
6.18828e-06
6.19183e-06
6.19538e-06
6.19893e-06
6.20249e-06
6.20604e-06
6.20959e-06
6.21314e-06
6.2167e-06
6.22025e-06
6.2238e-06
6.22735e-06
6.23091e-06
6.23446e-06
6.23801e-06
6.24156e-06
6.24512e-06
6.24867e-06
6.25222e-06
6.25577e-06
6.25933e-06
6.26288e-06
6.26643e-06
6.26998e-06
6.27353e-06
6.27709e-06
6.28064e-06
6.28419e-06
6.28774e-06
6.2913e-06
6.29485e-06
6.2984e-06
6.30195e-06
6.30551e-06
6.30906e-06
6.31261e-06
6.31616e-06
6.31972e-06
6.32327e-06
6.32682e-06
6.33037e-06
6.33393e-06
6.33748e-06
6.34103e-06
6.34458e-06
6.34813e-06
6.35169e-06
6.35524e-06
6.35879e-06
6.36234e-06
6.3659e-06
6.36945e-06
6.373e-06
6.37655e-06
6.38011e-06
6.38366e-06
6.38721e-06
6.39076e-06
6.39432e-06
6.39787e-06
6.40142e-06
6.40497e-06
6.40853e-06
6.41208e-06
6.41563e-06
6.41918e-06
6.42274e-06
6.42629e-06
6.42984e-06
6.43339e-06
6.43694e-06
6.4405e-06
6.44405e-06
6.4476e-06
6.45115e-06
6.45471e-06
6.45826e-06
6.46181e-06
6.46536e-06
6.46892e-06
6.47247e-06
6.47602e-06
6.47957e-06
6.48313e-06
6.48668e-06
6.49023e-06
6.49378e-06
6.49734e-06
6.50089e-06
6.50444e-06
6.50799e-06
6.51155e-06
6.5151e-06
6.51865e-06
6.5222e-06
6.52575e-06
6.52931e-06
6.53286e-06
6.53641e-06
6.53996e-06
6.54352e-06
6.54707e-06
6.55062e-06
6.55417e-06
6.55773e-06
6.56128e-06
6.56483e-06
6.56838e-06
6.57194e-06
6.57549e-06
6.57904e-06
6.58259e-06
6.58615e-06
6.5897e-06
6.59325e-06
6.5968e-06
6.60036e-06
6.60391e-06
6.60746e-06
6.61101e-06
6.61456e-06
6.61812e-06
6.62167e-06
6.62522e-06
6.62877e-06
6.63233e-06
6.63588e-06
6.63943e-06
6.64298e-06
6.64654e-06
6.65009e-06
6.65364e-06
6.65719e-06
6.66075e-06
6.6643e-06
6.66785e-06
6.6714e-06
6.67496e-06
6.67851e-06
6.68206e-06
6.68561e-06
6.68917e-06
6.69272e-06
6.69627e-06
6.69982e-06
6.70337e-06
6.70693e-06
6.71048e-06
6.71403e-06
6.71758e-06
6.72114e-06
6.72469e-06
6.72824e-06
6.73179e-06
6.73535e-06
6.7389e-06
6.74245e-06
6.746e-06
6.74956e-06
6.75311e-06
6.75666e-06
6.76021e-06
6.76377e-06
6.76732e-06
6.77087e-06
6.77442e-06
6.77798e-06
6.78153e-06
6.78508e-06
6.78863e-06
6.79218e-06
6.79574e-06
6.79929e-06
6.80284e-06
6.80639e-06
6.80995e-06
6.8135e-06
6.81705e-06
6.8206e-06
6.82416e-06
6.82771e-06
6.83126e-06
6.83481e-06
6.83837e-06
6.84192e-06
6.84547e-06
6.84902e-06
6.85258e-06
6.85613e-06
6.85968e-06
6.86323e-06
6.86679e-06
6.87034e-06
6.87389e-06
6.87744e-06
6.88099e-06
6.88455e-06
6.8881e-06
6.89165e-06
6.8952e-06
6.89876e-06
6.90231e-06
6.90586e-06
6.90941e-06
6.91297e-06
6.91652e-06
6.92007e-06
6.92362e-06
6.92718e-06
6.93073e-06
6.93428e-06
6.93783e-06
6.94139e-06
6.94494e-06
6.94849e-06
6.95204e-06
6.9556e-06
6.95915e-06
6.9627e-06
6.96625e-06
6.9698e-06
6.97336e-06
6.97691e-06
6.98046e-06
6.98401e-06
6.98757e-06
6.99112e-06
6.99467e-06
6.99822e-06
7.00178e-06
7.00533e-06
7.00888e-06
7.01243e-06
7.01599e-06
7.01954e-06
7.02309e-06
7.02664e-06
7.0302e-06
7.03375e-06
7.0373e-06
7.04085e-06
7.0444e-06
7.04796e-06
7.05151e-06
7.05506e-06
7.05861e-06
7.06217e-06
7.06572e-06
7.06927e-06
7.07282e-06
7.07638e-06
7.07993e-06
7.08348e-06
7.08703e-06
7.09059e-06
7.09414e-06
7.09769e-06
7.10124e-06
7.1048e-06
7.10835e-06
7.1119e-06
7.11545e-06
7.11901e-06
7.12256e-06
7.12611e-06
7.12966e-06
7.13321e-06
7.13677e-06
7.14032e-06
7.14387e-06
7.14742e-06
7.15098e-06
7.15453e-06
7.15808e-06
7.16163e-06
7.16519e-06
7.16874e-06
7.17229e-06
7.17584e-06
7.1794e-06
7.18295e-06
7.1865e-06
7.19005e-06
7.19361e-06
7.19716e-06
7.20071e-06
7.20426e-06
7.20782e-06
7.21137e-06
7.21492e-06
7.21847e-06
7.22202e-06
7.22558e-06
7.22913e-06
7.23268e-06
7.23623e-06
7.23979e-06
7.24334e-06
7.24689e-06
7.25044e-06
7.254e-06
7.25755e-06
7.2611e-06
7.26465e-06
7.26821e-06
7.27176e-06
7.27531e-06
7.27886e-06
7.28242e-06
7.28597e-06
7.28952e-06
7.29307e-06
7.29663e-06
7.30018e-06
7.30373e-06
7.30728e-06
7.31083e-06
7.31439e-06
7.31794e-06
7.32149e-06
7.32504e-06
7.3286e-06
7.33215e-06
7.3357e-06
7.33925e-06
7.34281e-06
7.34636e-06
7.34991e-06
7.35346e-06
7.35702e-06
7.36057e-06
7.36412e-06
7.36767e-06
7.37123e-06
7.37478e-06
7.37833e-06
7.38188e-06
7.38544e-06
7.38899e-06
7.39254e-06
7.39609e-06
7.39964e-06
7.4032e-06
7.40675e-06
7.4103e-06
7.41385e-06
7.41741e-06
7.42096e-06
7.42451e-06
7.42806e-06
7.43162e-06
7.43517e-06
7.43872e-06
7.44227e-06
7.44583e-06
7.44938e-06
7.45293e-06
7.45648e-06
7.46004e-06
7.46359e-06
7.46714e-06
7.47069e-06
7.47425e-06
7.4778e-06
7.48135e-06
7.4849e-06
7.48845e-06
7.49201e-06
7.49556e-06
7.49911e-06
7.50266e-06
7.50622e-06
7.50977e-06
7.51332e-06
7.51687e-06
7.52043e-06
7.52398e-06
7.52753e-06
7.53108e-06
7.53464e-06
7.53819e-06
7.54174e-06
7.54529e-06
7.54885e-06
7.5524e-06
7.55595e-06
7.5595e-06
7.56306e-06
7.56661e-06
7.57016e-06
7.57371e-06
7.57726e-06
7.58082e-06
7.58437e-06
7.58792e-06
7.59147e-06
7.59503e-06
7.59858e-06
7.60213e-06
7.60568e-06
7.60924e-06
7.61279e-06
7.61634e-06
7.61989e-06
7.62345e-06
7.627e-06
7.63055e-06
7.6341e-06
7.63766e-06
7.64121e-06
7.64476e-06
7.64831e-06
7.65187e-06
7.65542e-06
7.65897e-06
7.66252e-06
7.66607e-06
7.66963e-06
7.67318e-06
7.67673e-06
7.68028e-06
7.68384e-06
7.68739e-06
7.69094e-06
7.69449e-06
7.69805e-06
7.7016e-06
7.70515e-06
7.7087e-06
7.71226e-06
7.71581e-06
7.71936e-06
7.72291e-06
7.72647e-06
7.73002e-06
7.73357e-06
7.73712e-06
7.74067e-06
7.74423e-06
7.74778e-06
7.75133e-06
7.75488e-06
7.75844e-06
7.76199e-06
7.76554e-06
7.76909e-06
7.77265e-06
7.7762e-06
7.77975e-06
7.7833e-06
7.78686e-06
7.79041e-06
7.79396e-06
7.79751e-06
7.80107e-06
7.80462e-06
7.80817e-06
7.81172e-06
7.81528e-06
7.81883e-06
7.82238e-06
7.82593e-06
7.82948e-06
7.83304e-06
7.83659e-06
7.84014e-06
7.84369e-06
7.84725e-06
7.8508e-06
7.85435e-06
7.8579e-06
7.86146e-06
7.86501e-06
7.86856e-06
7.87211e-06
7.87567e-06
7.87922e-06
7.88277e-06
7.88632e-06
7.88988e-06
7.89343e-06
7.89698e-06
7.90053e-06
7.90409e-06
7.90764e-06
7.91119e-06
7.91474e-06
7.91829e-06
7.92185e-06
7.9254e-06
7.92895e-06
7.9325e-06
7.93606e-06
7.93961e-06
7.94316e-06
7.94671e-06
7.95027e-06
7.95382e-06
7.95737e-06
7.96092e-06
7.96448e-06
7.96803e-06
7.97158e-06
7.97513e-06
7.97869e-06
7.98224e-06
7.98579e-06
7.98934e-06
7.9929e-06
7.99645e-06
8e-06
8.00355e-06
8.0071e-06
8.01066e-06
8.01421e-06
8.01776e-06
8.02131e-06
8.02487e-06
8.02842e-06
8.03197e-06
8.03552e-06
8.03908e-06
8.04263e-06
8.04618e-06
8.04973e-06
8.05329e-06
8.05684e-06
8.06039e-06
8.06394e-06
8.0675e-06
8.07105e-06
8.0746e-06
8.07815e-06
8.08171e-06
8.08526e-06
8.08881e-06
8.09236e-06
8.09591e-06
8.09947e-06
8.10302e-06
8.10657e-06
8.11012e-06
8.11368e-06
8.11723e-06
8.12078e-06
8.12433e-06
8.12789e-06
8.13144e-06
8.13499e-06
8.13854e-06
8.1421e-06
8.14565e-06
8.1492e-06
8.15275e-06
8.15631e-06
8.15986e-06
8.16341e-06
8.16696e-06
8.17052e-06
8.17407e-06
8.17762e-06
8.18117e-06
8.18472e-06
8.18828e-06
8.19183e-06
8.19538e-06
8.19893e-06
8.20249e-06
8.20604e-06
8.20959e-06
8.21314e-06
8.2167e-06
8.22025e-06
8.2238e-06
8.22735e-06
8.23091e-06
8.23446e-06
8.23801e-06
8.24156e-06
8.24512e-06
8.24867e-06
8.25222e-06
8.25577e-06
8.25933e-06
8.26288e-06
8.26643e-06
8.26998e-06
8.27353e-06
8.27709e-06
8.28064e-06
8.28419e-06
8.28774e-06
8.2913e-06
8.29485e-06
8.2984e-06
8.30195e-06
8.30551e-06
8.30906e-06
8.31261e-06
8.31616e-06
8.31972e-06
8.32327e-06
8.32682e-06
8.33037e-06
8.33393e-06
8.33748e-06
8.34103e-06
8.34458e-06
8.34813e-06
8.35169e-06
8.35524e-06
8.35879e-06
8.36234e-06
8.3659e-06
8.36945e-06
8.373e-06
8.37655e-06
8.38011e-06
8.38366e-06
8.38721e-06
8.39076e-06
8.39432e-06
8.39787e-06
8.40142e-06
8.40497e-06
8.40853e-06
8.41208e-06
8.41563e-06
8.41918e-06
8.42274e-06
8.42629e-06
8.42984e-06
8.43339e-06
8.43694e-06
8.4405e-06
8.44405e-06
8.4476e-06
8.45115e-06
8.45471e-06
8.45826e-06
8.46181e-06
8.46536e-06
8.46892e-06
8.47247e-06
8.47602e-06
8.47957e-06
8.48313e-06
8.48668e-06
8.49023e-06
8.49378e-06
8.49734e-06
8.50089e-06
8.50444e-06
8.50799e-06
8.51155e-06
8.5151e-06
8.51865e-06
8.5222e-06
8.52575e-06
8.52931e-06
8.53286e-06
8.53641e-06
8.53996e-06
8.54352e-06
8.54707e-06
8.55062e-06
8.55417e-06
8.55773e-06
8.56128e-06
8.56483e-06
8.56838e-06
8.57194e-06
8.57549e-06
8.57904e-06
8.58259e-06
8.58615e-06
8.5897e-06
8.59325e-06
8.5968e-06
8.60036e-06
8.60391e-06
8.60746e-06
8.61101e-06
8.61456e-06
8.61812e-06
8.62167e-06
8.62522e-06
8.62877e-06
8.63233e-06
8.63588e-06
8.63943e-06
8.64298e-06
8.64654e-06
8.65009e-06
8.65364e-06
8.65719e-06
8.66075e-06
8.6643e-06
8.66785e-06
8.6714e-06
8.67496e-06
8.67851e-06
8.68206e-06
8.68561e-06
8.68917e-06
8.69272e-06
8.69627e-06
8.69982e-06
8.70337e-06
8.70693e-06
8.71048e-06
8.71403e-06
8.71758e-06
8.72114e-06
8.72469e-06
8.72824e-06
8.73179e-06
8.73535e-06
8.7389e-06
8.74245e-06
8.746e-06
8.74956e-06
8.75311e-06
8.75666e-06
8.76021e-06
8.76377e-06
8.76732e-06
8.77087e-06
8.77442e-06
8.77798e-06
8.78153e-06
8.78508e-06
8.78863e-06
8.79218e-06
8.79574e-06
8.79929e-06
8.80284e-06
8.80639e-06
8.80995e-06
8.8135e-06
8.81705e-06
8.8206e-06
8.82416e-06
8.82771e-06
8.83126e-06
8.83481e-06
8.83837e-06
8.84192e-06
8.84547e-06
8.84902e-06
8.85258e-06
8.85613e-06
8.85968e-06
8.86323e-06
8.86679e-06
8.87034e-06
8.87389e-06
8.87744e-06
8.88099e-06
8.88455e-06
8.8881e-06
8.89165e-06
8.8952e-06
8.89876e-06
8.90231e-06
8.90586e-06
8.90941e-06
8.91297e-06
8.91652e-06
8.92007e-06
8.92362e-06
8.92718e-06
8.93073e-06
8.93428e-06
8.93783e-06
8.94139e-06
8.94494e-06
8.94849e-06
8.95204e-06
8.9556e-06
8.95915e-06
8.9627e-06
8.96625e-06
8.9698e-06
8.97336e-06
8.97691e-06
8.98046e-06
8.98401e-06
8.98757e-06
8.99112e-06
8.99467e-06
8.99822e-06
9.00178e-06
9.00533e-06
9.00888e-06
9.01243e-06
9.01599e-06
9.01954e-06
9.02309e-06
9.02664e-06
9.0302e-06
9.03375e-06
9.0373e-06
9.04085e-06
9.0444e-06
9.04796e-06
9.05151e-06
9.05506e-06
9.05861e-06
9.06217e-06
9.06572e-06
9.06927e-06
9.07282e-06
9.07638e-06
9.07993e-06
9.08348e-06
9.08703e-06
9.09059e-06
9.09414e-06
9.09769e-06
9.10124e-06
9.1048e-06
9.10835e-06
9.1119e-06
9.11545e-06
9.11901e-06
9.12256e-06
9.12611e-06
9.12966e-06
9.13321e-06
9.13677e-06
9.14032e-06
9.14387e-06
9.14742e-06
9.15098e-06
9.15453e-06
9.15808e-06
9.16163e-06
9.16519e-06
9.16874e-06
9.17229e-06
9.17584e-06
9.1794e-06
9.18295e-06
9.1865e-06
9.19005e-06
9.19361e-06
9.19716e-06
9.20071e-06
9.20426e-06
9.20782e-06
9.21137e-06
9.21492e-06
9.21847e-06
9.22202e-06
9.22558e-06
9.22913e-06
9.23268e-06
9.23623e-06
9.23979e-06
9.24334e-06
9.24689e-06
9.25044e-06
9.254e-06
9.25755e-06
9.2611e-06
9.26465e-06
9.26821e-06
9.27176e-06
9.27531e-06
9.27886e-06
9.28242e-06
9.28597e-06
9.28952e-06
9.29307e-06
9.29663e-06
9.30018e-06
9.30373e-06
9.30728e-06
9.31083e-06
9.31439e-06
9.31794e-06
9.32149e-06
9.32504e-06
9.3286e-06
9.33215e-06
9.3357e-06
9.33925e-06
9.34281e-06
9.34636e-06
9.34991e-06
9.35346e-06
9.35702e-06
9.36057e-06
9.36412e-06
9.36767e-06
9.37123e-06
9.37478e-06
9.37833e-06
9.38188e-06
9.38544e-06
9.38899e-06
9.39254e-06
9.39609e-06
9.39964e-06
9.4032e-06
9.40675e-06
9.4103e-06
9.41385e-06
9.41741e-06
9.42096e-06
9.42451e-06
9.42806e-06
9.43162e-06
9.43517e-06
9.43872e-06
9.44227e-06
9.44583e-06
9.44938e-06
9.45293e-06
9.45648e-06
9.46004e-06
9.46359e-06
9.46714e-06
9.47069e-06
9.47425e-06
9.4778e-06
9.48135e-06
9.4849e-06
9.48845e-06
9.49201e-06
9.49556e-06
9.49911e-06
9.50266e-06
9.50622e-06
9.50977e-06
9.51332e-06
9.51687e-06
9.52043e-06
9.52398e-06
9.52753e-06
9.53108e-06
9.53464e-06
9.53819e-06
9.54174e-06
9.54529e-06
9.54885e-06
9.5524e-06
9.55595e-06
9.5595e-06
9.56306e-06
9.56661e-06
9.57016e-06
9.57371e-06
9.57726e-06
9.58082e-06
9.58437e-06
9.58792e-06
9.59147e-06
9.59503e-06
9.59858e-06
9.60213e-06
9.60568e-06
9.60924e-06
9.61279e-06
9.61634e-06
9.61989e-06
9.62345e-06
9.627e-06
9.63055e-06
9.6341e-06
9.63766e-06
9.64121e-06
9.64476e-06
9.64831e-06
9.65187e-06
9.65542e-06
9.65897e-06
9.66252e-06
9.66607e-06
9.66963e-06
9.67318e-06
9.67673e-06
9.68028e-06
9.68384e-06
9.68739e-06
9.69094e-06
9.69449e-06
9.69805e-06
9.7016e-06
9.70515e-06
9.7087e-06
9.71226e-06
9.71581e-06
9.71936e-06
9.72291e-06
9.72647e-06
9.73002e-06
9.73357e-06
9.73712e-06
9.74067e-06
9.74423e-06
9.74778e-06
9.75133e-06
9.75488e-06
9.75844e-06
9.76199e-06
9.76554e-06
9.76909e-06
9.77265e-06
9.7762e-06
9.77975e-06
9.7833e-06
9.78686e-06
9.79041e-06
9.79396e-06
9.79751e-06
9.80107e-06
9.80462e-06
9.80817e-06
9.81172e-06
9.81528e-06
9.81883e-06
9.82238e-06
9.82593e-06
9.82948e-06
9.83304e-06
9.83659e-06
9.84014e-06
9.84369e-06
9.84725e-06
9.8508e-06
9.85435e-06
9.8579e-06
9.86146e-06
9.86501e-06
9.86856e-06
9.87211e-06
9.87567e-06
9.87922e-06
9.88277e-06
9.88632e-06
9.88988e-06
9.89343e-06
9.89698e-06
9.90053e-06
9.90409e-06
9.90764e-06
9.91119e-06
9.91474e-06
9.91829e-06
9.92185e-06
9.9254e-06
9.92895e-06
9.9325e-06
9.93606e-06
9.93961e-06
9.94316e-06
9.94671e-06
9.95027e-06
9.95382e-06
9.95737e-06
9.96092e-06
9.96448e-06
9.96803e-06
9.97158e-06
9.97513e-06
9.97869e-06
9.98224e-06
9.98579e-06
9.98934e-06
9.9929e-06
9.99645e-06
1e-05
